200 200
0 0 0 4
0 200 4 200
200 200 200 196
200 0 197 0
0 4 0 7
4 200 7 200
200 196 200 193
197 0 194 0
0 7 0 10
7 200 10 200
200 193 200 190
194 0 191 0
0 10 0 13
10 200 13 200
200 190 200 187
191 0 188 0
0 13 0 16
13 200 16 200
200 187 200 184
188 0 185 0
0 16 0 19
16 200 19 200
200 184 200 181
185 0 182 0
0 19 0 22
19 200 22 200
200 181 200 178
182 0 179 0
0 22 0 25
22 200 25 200
200 178 200 175
179 0 176 0
0 25 0 28
25 200 28 200
200 175 200 172
176 0 173 0
0 28 0 31
28 200 31 200
200 172 200 169
173 0 170 0
0 31 0 34
31 200 34 200
200 169 200 166
170 0 167 0
0 34 0 37
34 200 37 200
200 166 200 163
167 0 164 0
0 37 0 40
37 200 40 200
200 163 200 160
164 0 161 0
0 40 0 43
40 200 43 200
200 160 200 157
161 0 158 1
0 43 1 46
43 200 46 199
200 157 199 154
158 1 155 2
1 46 2 49
46 199 49 198
199 154 198 151
155 2 152 3
2 49 3 52
49 198 52 197
198 151 197 148
152 3 149 4
3 52 4 55
52 197 55 196
197 148 196 145
149 4 146 5
4 55 5 58
55 196 58 195
196 145 195 142
146 5 143 6
5 58 6 61
58 195 61 194
195 142 194 139
143 6 140 7
6 61 7 64
61 194 64 193
194 139 193 136
140 7 137 8
7 64 8 67
64 193 67 192
193 136 192 133
137 8 134 9
8 67 9 70
67 192 70 191
192 133 191 130
134 9 131 10
9 70 10 73
70 191 73 190
191 130 190 127
131 10 128 11
10 73 11 76
73 190 76 189
190 127 189 124
128 11 125 12
11 76 12 79
76 189 79 188
189 124 188 121
125 12 122 14
12 79 14 82
79 188 82 186
188 121 186 118
122 14 119 16
14 82 16 85
82 186 85 184
186 118 184 115
119 16 116 18
16 85 18 88
85 184 88 182
184 115 182 112
116 18 113 20
18 88 20 91
88 182 91 180
182 112 180 109
113 20 110 22
20 91 22 94
91 180 94 178
180 109 178 106
110 22 107 24
22 94 24 97
94 178 97 176
178 106 176 103
107 24 104 26
24 97 26 99
97 176 99 174
176 103 174 101
104 26 102 28
26 99 28 101
99 174 101 172
174 101 172 99
102 28 100 30
28 101 30 103
101 172 103 170
172 99 170 97
100 30 98 32
30 103 32 105
103 170 105 168
170 97 168 95
98 32 96 34
32 105 35 107
105 168 107 165
168 95 165 93
96 34 94 37
35 107 38 109
107 165 109 162
165 93 162 91
94 37 92 40
38 109 41 111
109 162 111 159
162 91 159 89
92 40 90 43
41 111 44 113
111 159 113 156
159 89 156 87
90 43 88 46
44 113 47 115
113 156 115 153
156 87 153 85
88 46 86 49
47 115 50 116
115 153 116 150
153 85 150 84
86 49 85 52
50 116 53 117
116 150 117 147
150 84 147 83
85 52 84 55
53 117 56 118
117 147 118 144
147 83 144 82
84 55 83 58
56 118 59 119
118 144 119 141
144 82 141 81
83 58 82 61
59 119 62 120
119 141 120 138
141 81 138 80
82 61 81 64
62 120 65 121
120 138 121 135
138 80 135 79
81 64 80 67
65 121 68 121
121 135 121 132
135 79 132 79
80 67 80 70
68 121 71 121
121 132 121 129
132 79 129 79
80 70 80 73
71 121 74 121
121 129 121 126
129 79 126 79
80 73 80 76
74 121 77 121
121 126 121 123
126 79 123 79
80 76 80 79
77 121 80 121
121 123 121 120
123 79 119 79
80 79 80 83
80 121 83 121
121 120 121 117
119 79 116 79
80 83 80 86
83 121 86 121
121 117 121 114
116 79 113 79
80 86 80 89
86 121 89 121
121 114 121 111
113 79 110 80
80 89 81 92
89 121 92 120
121 111 120 108
110 80 107 81
81 92 82 95
92 120 95 119
120 108 119 105
107 81 104 82
82 95 83 98
95 119 98 117
119 105 117 102
104 82 101 84
83 98 85 101
98 117 101 115
117 102 115 100
101 84 99 86
85 101 88 103
101 115 103 113
115 100 112 98
99 86 97 89
88 103 91 105
103 113 105 110
112 98 109 96
97 89 96 92
91 105 94 106
105 110 106 107
109 96 106 95
96 92 96 95
94 106 97 106
106 107 106 103
106 95 102 95
96 95 96 98
97 106 100 105
106 103 105 100
102 95 99 96
96 98 97 101
100 105 102 103
105 100 102 98
99 96 98 99
97 101 100 102
102 103 102 99
102 98 99 98
98 99 100 102
100 102 102 99
102 99 99 98
